001-PR-00679.txt: ([('NEG', 0.5070552585219643), ('NEU', 0.4826250211043917), ('POS', 0.010319720373643957)])
001-PR-00842.txt: ([('NEG', 0.5283181814498025), ('NEU', 0.44248542635371685), ('POS', 0.029196392196480698)])
001-PR-02460.txt: ([('NEG', 0.3546565888376952), ('NEU', 0.6098195046922397), ('POS', 0.03552390647006517)])
001-PR-02906.txt: ([('NEG', 0.45520651830625847), ('NEU', 0.5298548272488053), ('POS', 0.014938654444936306)])
001-VI-00001.txt: ([('NEG', 0.5734480445428315), ('NEU', 0.4071682816662648), ('POS', 0.01938367379090378)])
001-VI-00002.txt: ([('NEG', 0.4525309624622379), ('NEU', 0.47678730150387233), ('POS', 0.07068173603388977)])
001-VI-00003.txt: ([('NEG', 0.40417419156631035), ('NEU', 0.5520439218805658), ('POS', 0.04378188655312381)])
001-VI-00004.txt: ([('NEG', 0.5879333521262853), ('NEU', 0.39520031390581495), ('POS', 0.016866333967899747)])
001-VI-00005.txt: ([('NEG', 0.536485076821332), ('NEU', 0.3961443480102681), ('POS', 0.06737057516839996)])
001-VI-00006.txt: ([('NEG', 0.49636688193364303), ('NEU', 0.4755752407973598), ('POS', 0.0280578772689972)])
001-VI-00007.txt: ([('NEG', 0.45045328437688825), ('NEU', 0.4938390903770137), ('POS', 0.05570762524609806)])
001-VI-00008.txt: ([('NEG', 0.5595989327599393), ('NEU', 0.39861197170449386), ('POS', 0.04178909553556679)])
001-VI-00009.txt: ([('NEG', 0.4062589083363811), ('NEU', 0.5251795523667421), ('POS', 0.06856153929687676)])
001-VI-00010.txt: ([('NEG', 0.5084407877782334), ('NEU', 0.4628599649929186), ('POS', 0.02869924722884797)])
001-VI-00011.txt: ([('NEG', 0.49960884835128055), ('NEU', 0.4887204984717664), ('POS', 0.011670653176953013)])
001-VI-00012.txt: ([('NEG', 0.5360943110976585), ('NEU', 0.4220550428617715), ('POS', 0.04185064604057006)])
001-VI-00013.txt: ([('NEG', 0.503325418496538), ('NEU', 0.44282186414397245), ('POS', 0.05385271735948951)])
001-VI-00014.txt: ([('NEG', 0.41407158830513474), ('NEU', 0.5269093936680345), ('POS', 0.05901901802683083)])
001-VI-00015.txt: ([('NEG', 0.4644498044825247), ('NEU', 0.5287697367452613), ('POS', 0.006780458772213978)])
001-VI-00016.txt: ([('NEG', 0.6053442183946022), ('NEU', 0.3666121247749532), ('POS', 0.028043656830444665)])
001-VI-00017.txt: ([('NEG', 0.5016017188350885), ('NEU', 0.45739779008192527), ('POS', 0.04100049108298624)])
001-VI-00018.txt: ([('NEG', 0.5247069858060511), ('NEU', 0.430819637199303), ('POS', 0.04447337699464593)])
001-VI-00019.txt: ([('NEG', 0.48113333505827366), ('NEU', 0.47680073564790315), ('POS', 0.04206592929382318)])
001-VI-00020.txt: ([('NEG', 0.5304397745558613), ('NEU', 0.418310316165799), ('POS', 0.05124990927833973)])
001-VI-00023.txt: ([('NEG', 0.5281199048973679), ('NEU', 0.4052161397047409), ('POS', 0.06666395539789109)])
001-VI-00031.txt: ([('NEG', 0.4497660923813294), ('NEU', 0.5245258833053431), ('POS', 0.025708024313327464)])
001-VI-00034.txt: ([('NEG', 0.47844479411087), ('NEU', 0.5008440519419554), ('POS', 0.0207111539471746)])
001-VI-00046.txt: ([('NEG', 0.4837297860002865), ('NEU', 0.4640186646662381), ('POS', 0.05225154933347539)])
001-VI-00051.txt: ([('NEG', 0.5691443976009216), ('NEU', 0.41920578677136905), ('POS', 0.011649815627709361)])
001-VI-00057.txt: ([('NEG', 0.36999700238549726), ('NEU', 0.5910741961305398), ('POS', 0.038928801483962924)])
001-VI-00060.txt: ([('NEG', 0.5224450210187874), ('NEU', 0.44597893409443995), ('POS', 0.03157604488677268)])
001-VI-00062.txt: ([('NEG', 0.43779500222077394), ('NEU', 0.5091676891501778), ('POS', 0.05303730862904823)])
001-VI-00070.txt: ([('NEG', 0.5917744359015331), ('NEU', 0.37921037914599587), ('POS', 0.029015184952470977)])
031-VI-00001.txt: ([('NEG', 0.6239296929450973), ('NEU', 0.3760703070549028), ('POS', 0.0)])
031-VI-00014.txt: ([('NEG', 0.6241473154689468), ('NEU', 0.30327881168439674), ('POS', 0.07257387284665645)])
031-VI-00018.txt: ([('NEG', 0.49663044672081186), ('NEU', 0.4689271775909627), ('POS', 0.03444237568822544)])
031-VI-00022.txt: ([('NEG', 0.3974864147349445), ('NEU', 0.5127795050756027), ('POS', 0.08973408018945285)])
031-VI-00025.txt: ([('NEG', 0.4275620143505334), ('NEU', 0.5598310250096131), ('POS', 0.012606960639853455)])
031-VI-00027.txt: ([('NEG', 0.4355979962558981), ('NEU', 0.5383833922512242), ('POS', 0.026018611492877597)])
032-VI-00012.txt: ([('NEG', 0.5917598324650951), ('NEU', 0.4082401675349049), ('POS', 0.0)])
032-VI-00024.txt: ([('NEG', 0.3641042207609355), ('NEU', 0.6358957792390645), ('POS', 0.0)])
032-VI-00027.txt: ([('NEG', 0.5776735806368011), ('NEU', 0.42232641936319887), ('POS', 0.0)])
032-VI-00029.txt: ([('NEG', 0.4234166481904921), ('NEU', 0.46662297562380267), ('POS', 0.10996037618570526)])
033-VI-00001.txt: ([('NEG', 0.5293718634263822), ('NEU', 0.45224857597902585), ('POS', 0.018379560594591893)])
033-VI-00006.txt: ([('NEG', 0.48214928209464913), ('NEU', 0.49380730622230373), ('POS', 0.024043411683047126)])
033-VI-00008.txt: ([('NEG', 0.3707082141936039), ('NEU', 0.5841809445710217), ('POS', 0.04511084123537448)])
033-VI-00019.txt: ([('NEG', 0.790343797004286), ('NEU', 0.19387534679571417), ('POS', 0.015780856199999804)])
033-VI-00021.txt: ([('NEG', 0.5254524141567644), ('NEU', 0.44353213185405427), ('POS', 0.03101545398918132)])
033-VI-00027.txt: ([('NEG', 0.7970387608386608), ('NEU', 0.18677300313017187), ('POS', 0.01618823603116733)])
033-VI-00034.txt: ([('NEG', 0.5233743338971633), ('NEU', 0.43444877431968487), ('POS', 0.04217689178315192)])
033-VI-00048.txt: ([('NEG', 0.5894571786234369), ('NEU', 0.41054282137656306), ('POS', 0.0)])
036-VI-00003.txt: ([('NEG', 0.5709815047930092), ('NEU', 0.39810288663080157), ('POS', 0.03091560857618914)])
036-VI-00006.txt: ([('NEG', 0.3766091613301635), ('NEU', 0.6233908386698365), ('POS', 0.0)])
036-VI-00012.txt: ([('NEG', 0.4227820380635112), ('NEU', 0.5389132978270287), ('POS', 0.03830466410946016)])
036-VI-00019.txt: ([('NEG', 0.35036602282221163), ('NEU', 0.6154751141925873), ('POS', 0.03415886298520108)])
036-VI-00027.txt: ([('NEG', 0.6675248867170644), ('NEU', 0.3037652799835313), ('POS', 0.028709833299404287)])
036-VI-00033.txt: ([('NEG', 0.42510790619329825), ('NEU', 0.5455750003823376), ('POS', 0.029317093424364123)])
036-VI-00034.txt: ([('NEG', 0.5373202760994843), ('NEU', 0.4357795405243779), ('POS', 0.0269001833761378)])
036-VI-00055.txt: ([('NEG', 0.3995465280240121), ('NEU', 0.5634882404139749), ('POS', 0.036965231562013)])
037-VI-00026.txt: ([('NEG', 0.4813600315369867), ('NEU', 0.5186399684630133), ('POS', 0.0)])
038-VI-00002.txt: ([('NEG', 0.7738382835871578), ('NEU', 0.22616171641284222), ('POS', 0.0)])
038-VI-00046.txt: ([('NEG', 0.7461342283098923), ('NEU', 0.2289060869859934), ('POS', 0.024959684704114363)])
038-VI-00121.txt: ([('NEG', 0.5912283259268369), ('NEU', 0.38885608397173504), ('POS', 0.01991559010142804)])
039-VI-00001.txt: ([('NEG', 0.39220018250409455), ('NEU', 0.6077998174959054), ('POS', 0.0)])
039-VI-00004.txt: ([('NEG', 0.8729168651392899), ('NEU', 0.12708313486071007), ('POS', 0.0)])
039-VI-00006.txt: ([('NEG', 0.6965477455898317), ('NEU', 0.2706477757738472), ('POS', 0.03280447863632117)])
039-VI-00011.txt: ([('NEG', 0.5799485544344066), ('NEU', 0.3841576250360718), ('POS', 0.035893820529521565)])
039-VI-00114.txt: ([('NEG', 0.3492428751798444), ('NEU', 0.5988421385715746), ('POS', 0.05191498624858088)])
040-VI-00004.txt: ([('NEG', 0.5495256958364938), ('NEU', 0.4311873609996767), ('POS', 0.01928694316382946)])
040-VI-00005.txt: ([('NEG', 0.6116345422626109), ('NEU', 0.31962872724554925), ('POS', 0.0687367304918398)])
040-VI-00009.txt: ([('NEG', 0.5366520616635299), ('NEU', 0.46334793833647014), ('POS', 0.0)])
040-VI-00011.txt: ([('NEG', 0.5117556284141584), ('NEU', 0.4622076275571312), ('POS', 0.026036744028710417)])
040-VI-00013.txt: ([('NEG', 0.5645724215696363), ('NEU', 0.4354275784303638), ('POS', 0.0)])
040-VI-00015.txt: ([('NEG', 0.4502233524546017), ('NEU', 0.5497766475453983), ('POS', 0.0)])
040-VI-00019.txt: ([('NEG', 0.45184315928680235), ('NEU', 0.5481568407131976), ('POS', 0.0)])
040-VI-00020.txt: ([('NEG', 0.5374903126107308), ('NEU', 0.4625096873892692), ('POS', 0.0)])
040-VI-00047.txt: ([('NEG', 0.499539878774004), ('NEU', 0.5004601212259959), ('POS', 0.0)])
041-VI-00024.txt: ([('NEG', 0.40458111945344094), ('NEU', 0.5286784445877573), ('POS', 0.06674043595880186)])
042-VI-00001.txt: ([('NEG', 0.574808632674416), ('NEU', 0.3610881570488249), ('POS', 0.06410321027675912)])
042-VI-00002.txt: ([('NEG', 0.8091301789310564), ('NEU', 0.19086982106894354), ('POS', 0.0)])
042-VI-00003.txt: ([('NEG', 0.4642645763429077), ('NEU', 0.5357354236570923), ('POS', 0.0)])
043-VI-00001.txt: ([('NEG', 0.48879665391573146), ('NEU', 0.4245548694620632), ('POS', 0.08664847662220529)])
043-VI-00004.txt: ([('NEG', 0.6739490037734478), ('NEU', 0.28362164055381517), ('POS', 0.04242935567273705)])
043-VI-00008.txt: ([('NEG', 0.5372459373654328), ('NEU', 0.32946833830852), ('POS', 0.1332857243260472)])
043-VI-00031.txt: ([('NEG', 0.41661659296074705), ('NEU', 0.5339281751730457), ('POS', 0.04945523186620722)])
044-VI-00013.txt: ([('NEG', 0.5818746850248896), ('NEU', 0.41041989776960686), ('POS', 0.0077054172055035204)])
045-VI-00001.txt: ([('NEG', 0.5471743004343489), ('NEU', 0.38799766124482876), ('POS', 0.06482803832082236)])
045-VI-00027.txt: ([('NEG', 0.5502426715432689), ('NEU', 0.40681121113514856), ('POS', 0.04294611732158253)])
045-VI-00076.txt: ([('NEG', 0.5207267851212436), ('NEU', 0.4433329344739237), ('POS', 0.035940280404832665)])
045-VI-00093.txt: ([('NEG', 0.5366856503005207), ('NEU', 0.4182277512957983), ('POS', 0.04508659840368094)])
045-VI-00095.txt: ([('NEG', 0.5114084229837935), ('NEU', 0.38612544372943974), ('POS', 0.10246613328676671)])
045-VI-00128.txt: ([('NEG', 0.47719200160347547), ('NEU', 0.4487234967763437), ('POS', 0.07408450162018082)])
045-VI-00130.txt: ([('NEG', 0.5537450778190791), ('NEU', 0.32134133061249465), ('POS', 0.12491359156842628)])
045-VI-00144.txt: ([('NEG', 0.5701262518440734), ('NEU', 0.3920743318533489), ('POS', 0.037799416302577736)])
045-VI-00151.txt: ([('NEG', 0.35776706998052393), ('NEU', 0.6422329300194761), ('POS', 0.0)])
045-VI-00159.txt: ([('NEG', 0.6402727201674945), ('NEU', 0.3242545794541777), ('POS', 0.03547270037832786)])
045-VI-00164.txt: ([('NEG', 0.5545867882881751), ('NEU', 0.3882582374898454), ('POS', 0.05715497422197952)])
045-VI-00165.txt: ([('NEG', 0.47544569771612366), ('NEU', 0.5132593216970707), ('POS', 0.011294980586805727)])
046-AA-00122.txt: ([('NEG', 0.5422357116704096), ('NEU', 0.4310244813805522), ('POS', 0.026739806949038162)])
046-VI-00013.txt: ([('NEG', 0.3654398767535226), ('NEU', 0.6345601232464774), ('POS', 0.0)])
046-VI-00029.txt: ([('NEG', 0.7603942777912193), ('NEU', 0.2247885165974443), ('POS', 0.014817205611336414)])
046-VI-00036.txt: ([('NEG', 0.5598648032373056), ('NEU', 0.4401351967626944), ('POS', 0.0)])
046-VI-00043.txt: ([('NEG', 0.5423440066129378), ('NEU', 0.43955485374941033), ('POS', 0.018101139637651927)])
046-VI-00058.txt: ([('NEG', 0.7699155266416784), ('NEU', 0.18990721422047763), ('POS', 0.040177259137844035)])
046-VI-00065.txt: ([('NEG', 0.6785180132564235), ('NEU', 0.30040058672850317), ('POS', 0.021081400015073377)])
046-VI-00109.txt: ([('NEG', 0.5700081321148387), ('NEU', 0.42999186788516125), ('POS', 0.0)])
046-VI-00111.txt: ([('NEG', 0.6090480913201962), ('NEU', 0.3479429163875047), ('POS', 0.043008992292299104)])
046-VI-00136.txt: ([('NEG', 0.38433353615577703), ('NEU', 0.5862266592595035), ('POS', 0.029439804584719495)])
046-VI-00148.txt: ([('NEG', 0.6580807336879354), ('NEU', 0.3062044625866475), ('POS', 0.03571480372541706)])
046-VI-00158.txt: ([('NEG', 0.6048614274662242), ('NEU', 0.31839627613797356), ('POS', 0.07674229639580234)])
046-VI-00162.txt: ([('NEG', 0.5677066745326766), ('NEU', 0.35484202556820293), ('POS', 0.07745129989912038)])
046-VI-00187.txt: ([('NEG', 0.5994433399872523), ('NEU', 0.37217531747857413), ('POS', 0.028381342534173536)])
047-VI-00007.txt: ([('NEG', 0.6676989923773826), ('NEU', 0.3099736499845527), ('POS', 0.022327357638064742)])
047-VI-00019.txt: ([('NEG', 0.7408339888814155), ('NEU', 0.25916601111858456), ('POS', 0.0)])
047-VI-00034.txt: ([('NEG', 0.6069760731601371), ('NEU', 0.39302392683986287), ('POS', 0.0)])
047-VI-00042.txt: ([('NEG', 0.5514186177279752), ('NEU', 0.4485813822720249), ('POS', 0.0)])
047-VI-00053.txt: ([('NEG', 0.6068109298064928), ('NEU', 0.3804677665078254), ('POS', 0.012721303685681876)])
047-VI-00066.txt: ([('NEG', 0.38244618226337473), ('NEU', 0.5995724450167094), ('POS', 0.017981372719915904)])
047-VI-00095.txt: ([('NEG', 0.6237897009136144), ('NEU', 0.37031674528232394), ('POS', 0.00589355380406159)])
047-VI-00097.txt: ([('NEG', 0.25683711767213685), ('NEU', 0.7431628823278631), ('POS', 0.0)])
047-VI-00098.txt: ([('NEG', 0.672924393528554), ('NEU', 0.30798626691203745), ('POS', 0.019089339559408555)])
047-VI-00099.txt: ([('NEG', 0.569620179585976), ('NEU', 0.40786119952994976), ('POS', 0.022518620884074306)])
048-VI-00035.txt: ([('NEG', 0.49342800472681114), ('NEU', 0.4794254243328438), ('POS', 0.027146570940345054)])
048-VI-00061.txt: ([('NEG', 0.3922080648514727), ('NEU', 0.6077919351485273), ('POS', 0.0)])
050-VI-00001.txt: ([('NEG', 0.48973878912381946), ('NEU', 0.4515323934366447), ('POS', 0.05872881743953583)])
054-PR-00624.txt: ([('NEG', 0.47767064952360905), ('NEU', 0.46182414981425773), ('POS', 0.06050520066213322)])
055-HV-00145.txt: ([('NEG', 0.38731731680344517), ('NEU', 0.5815303513787262), ('POS', 0.03115233181782866)])
056-AA-00001.txt: ([('NEG', 0.6285027581069745), ('NEU', 0.3599353870635246), ('POS', 0.011561854829500878)])
056-AA-00002.txt: ([('NEG', 0.49397707747427594), ('NEU', 0.4736443904994458), ('POS', 0.03237853202627824)])
056-AA-00004.txt: ([('NEG', 0.39015378689301516), ('NEU', 0.5683997691835856), ('POS', 0.04144644392339929)])
056-CO-00013.txt: ([('NEG', 0.561789629073656), ('NEU', 0.42010780176076706), ('POS', 0.018102569165576836)])
056-CO-00019.txt: ([('NEG', 0.49872392964357853), ('NEU', 0.4880733157379761), ('POS', 0.013202754618445346)])
056-CO-00117.txt: ([('NEG', 0.4059322107373487), ('NEU', 0.5274397943780551), ('POS', 0.06662799488459617)])
056-PR-00853.txt: ([('NEG', 0.43661759779577014), ('NEU', 0.5132758459566144), ('POS', 0.05010655624761551)])
056-VI-00003.txt: ([('NEG', 0.46899914535251414), ('NEU', 0.502949917506138), ('POS', 0.02805093714134781)])
056-VI-00005.txt: ([('NEG', 0.38394390005579276), ('NEU', 0.591646110014554), ('POS', 0.02440998992965323)])
056-VI-00006.txt: ([('NEG', 0.48098708241761995), ('NEU', 0.5054392288900836), ('POS', 0.013573688692296361)])
056-VI-00009.txt: ([('NEG', 0.6963800731717396), ('NEU', 0.29007639726806084), ('POS', 0.013543529560199651)])
056-VI-00010.txt: ([('NEG', 0.53234723081588), ('NEU', 0.41479999448005983), ('POS', 0.05285277470406025)])
056-VI-00014.txt: ([('NEG', 0.5047067505852852), ('NEU', 0.477360192150832), ('POS', 0.017933057263882772)])
056-VI-00019.txt: ([('NEG', 0.4456435810881823), ('NEU', 0.5109044697969285), ('POS', 0.04345194911488922)])
056-VI-00020.txt: ([('NEG', 0.3100822299355555), ('NEU', 0.6737197313110439), ('POS', 0.01619803875340064)])
056-VI-00023.txt: ([('NEG', 0.4199424691773796), ('NEU', 0.5681586026423309), ('POS', 0.011898928180289512)])
056-VI-00025.txt: ([('NEG', 0.6665152123569656), ('NEU', 0.3030764888034581), ('POS', 0.030408298839576218)])
056-VI-00042.txt: ([('NEG', 0.5649046793238625), ('NEU', 0.3602762254013823), ('POS', 0.07481909527475523)])
056-VI-00043.txt: ([('NEG', 0.7316234070285514), ('NEU', 0.24981105888139565), ('POS', 0.0185655340900529)])
056-VI-00044.txt: ([('NEG', 0.5563362571111199), ('NEU', 0.41447257787487446), ('POS', 0.029191165014005628)])
056-VI-00045.txt: ([('NEG', 0.5094441703534659), ('NEU', 0.38696925305075297), ('POS', 0.1035865765957811)])
056-VI-00046.txt: ([('NEG', 0.565646798329286), ('NEU', 0.3825193601376628), ('POS', 0.051833841533051185)])
056-VI-00050.txt: ([('NEG', 0.46926438436453716), ('NEU', 0.4699370263211742), ('POS', 0.060798589314288685)])
056-VI-00058.txt: ([('NEG', 0.42806649108133393), ('NEU', 0.5517715732863946), ('POS', 0.020161935632271446)])
056-VI-00063.txt: ([('NEG', 0.41941460253937796), ('NEU', 0.574763149426984), ('POS', 0.005822248033638024)])
056-VI-00068.txt: ([('NEG', 0.4426408733352672), ('NEU', 0.5425965178479156), ('POS', 0.01476260881681712)])
057-CO-00024.txt: ([('NEG', 0.2783606844895345), ('NEU', 0.640756738334758), ('POS', 0.08088257717570752)])
057-VI-00003.txt: ([('NEG', 0.5234257439058181), ('NEU', 0.443307339958391), ('POS', 0.03326691613579096)])
057-VI-00006.txt: ([('NEG', 0.544495148002482), ('NEU', 0.4411999607849143), ('POS', 0.014304891212603756)])
057-VI-00007.txt: ([('NEG', 0.4862973471385572), ('NEU', 0.5023859807092248), ('POS', 0.011316672152218005)])
057-VI-00008.txt: ([('NEG', 0.5640550770263972), ('NEU', 0.4282547675157007), ('POS', 0.007690155457902097)])
057-VI-00009.txt: ([('NEG', 0.4729337144197904), ('NEU', 0.4951835040101215), ('POS', 0.031882781570088094)])
057-VI-00013.txt: ([('NEG', 0.558193599313991), ('NEU', 0.42736042439317007), ('POS', 0.01444597629283887)])
057-VI-00017.txt: ([('NEG', 0.4877412972699141), ('NEU', 0.5122587027300859), ('POS', 0.0)])
057-VI-00025.txt: ([('NEG', 0.40451779695864315), ('NEU', 0.5901141074833839), ('POS', 0.005368095557972918)])
057-VI-00026.txt: ([('NEG', 0.6726496883927775), ('NEU', 0.32735031160722244), ('POS', 0.0)])
057-VI-00027.txt: ([('NEG', 0.5651127137882372), ('NEU', 0.4154225757149394), ('POS', 0.01946471049682333)])
058-CO-00022.txt: ([('NEG', 0.4886375088445329), ('NEU', 0.479679106268915), ('POS', 0.03168338488655206)])
058-CO-00128.txt: ([('NEG', 0.7366544680408733), ('NEU', 0.23129725951114938), ('POS', 0.0320482724479773)])
058-CO-00368.txt: ([('NEG', 0.5773443833826759), ('NEU', 0.39791996973316207), ('POS', 0.024735646884162025)])
058-PR-00362.txt: ([('NEG', 0.41902802577567116), ('NEU', 0.5436778299094032), ('POS', 0.03729414431492564)])
058-PR-00378.txt: ([('NEG', 0.6860081033912493), ('NEU', 0.2886768523673689), ('POS', 0.025315044241381812)])
058-PR-00471.txt: ([('NEG', 0.6920907178520891), ('NEU', 0.2943546310676103), ('POS', 0.013554651080300576)])
058-PR-00477.txt: ([('NEG', 0.3930411175859699), ('NEU', 0.5744822488265727), ('POS', 0.03247663358745735)])
058-PR-00530.txt: ([('NEG', 0.41260925367895623), ('NEU', 0.4875979326193995), ('POS', 0.09979281370164426)])
058-PR-00617.txt: ([('NEG', 0.6039731074173412), ('NEU', 0.32008346174798746), ('POS', 0.0759434308346713)])
058-PR-00618.txt: ([('NEG', 0.67523163812995), ('NEU', 0.3247683618700499), ('POS', 0.0)])
058-PR-00619.txt: ([('NEG', 0.4431658497999624), ('NEU', 0.5382828099343587), ('POS', 0.018551340265678864)])
058-PR-00635.txt: ([('NEG', 0.47760195256477117), ('NEU', 0.4730704511056643), ('POS', 0.049327596329564495)])
058-PR-00770.txt: ([('NEG', 0.5321396510738801), ('NEU', 0.43366968833838404), ('POS', 0.034190660587735934)])
058-PR-00836.txt: ([('NEG', 0.4817151920667062), ('NEU', 0.5182848079332938), ('POS', 0.0)])
058-PR-00856.txt: ([('NEG', 0.38668225686458957), ('NEU', 0.5899338023306104), ('POS', 0.023383940804799976)])
058-PR-02156.txt: ([('NEG', 0.31429486346338414), ('NEU', 0.4882358546255372), ('POS', 0.19746928191107865)])
058-PR-02960.txt: ([('NEG', 0.304395842230713), ('NEU', 0.6386730039569728), ('POS', 0.056931153812314235)])
058-PR-03046.txt: ([('NEG', 0.6348196208468747), ('NEU', 0.338814889228797), ('POS', 0.02636548992432828)])
058-VI-00002.txt: ([('NEG', 0.5380844544626656), ('NEU', 0.44980478416907227), ('POS', 0.012110761368262073)])
058-VI-00006.txt: ([('NEG', 0.3282423430533722), ('NEU', 0.6189125285902122), ('POS', 0.05284512835641566)])
058-VI-00013.txt: ([('NEG', 0.5219344425143256), ('NEU', 0.38265375943169355), ('POS', 0.09541179805398083)])
058-VI-00019.txt: ([('NEG', 0.48372696800635573), ('NEU', 0.5049987338347757), ('POS', 0.01127429815886856)])
058-VI-00021.txt: ([('NEG', 0.5711968782888435), ('NEU', 0.37837913648867155), ('POS', 0.050423985222484924)])
058-VI-00023.txt: ([('NEG', 0.6405753945922074), ('NEU', 0.3374416536083924), ('POS', 0.02198295179940028)])
058-VI-00024.txt: ([('NEG', 0.6230471639367194), ('NEU', 0.3307177043107316), ('POS', 0.046235131752548966)])
058-VI-00025.txt: ([('NEG', 0.4308705425515462), ('NEU', 0.5092706552773987), ('POS', 0.05985880217105511)])
058-VI-00036.txt: ([('NEG', 0.46186674045011245), ('NEU', 0.49401778515827743), ('POS', 0.04411547439161009)])
058-VI-00076.txt: ([('NEG', 0.5105919131064252), ('NEU', 0.47943880522395044), ('POS', 0.009969281669624366)])
058-VI-00084.txt: ([('NEG', 0.3588603936383084), ('NEU', 0.5745192471039775), ('POS', 0.06662035925771408)])
058-VI-00087.txt: ([('NEG', 0.41901314592639805), ('NEU', 0.5125403425311552), ('POS', 0.0684465115424467)])
058-VI-00088.txt: ([('NEG', 0.3138962843554394), ('NEU', 0.663282503572374), ('POS', 0.02282121207218669)])
058-VI-00091.txt: ([('NEG', 0.3891579534219977), ('NEU', 0.5228195767977207), ('POS', 0.08802246978028155)])
059-PR-00004.txt: ([('NEG', 0.5850900880546789), ('NEU', 0.3821662264476772), ('POS', 0.03274368549764385)])
059-VI-00001.txt: ([('NEG', 0.41892121488258366), ('NEU', 0.5513571603753759), ('POS', 0.02972162474204049)])
059-VI-00004.txt: ([('NEG', 0.3827185392297854), ('NEU', 0.6040216100104515), ('POS', 0.0132598507597631)])
059-VI-00008.txt: ([('NEG', 0.4808936069884855), ('NEU', 0.5191063930115145), ('POS', 0.0)])
059-VI-00009.txt: ([('NEG', 0.49209843970167), ('NEU', 0.4942720130809993), ('POS', 0.013629547217330782)])
059-VI-00012.txt: ([('NEG', 0.42080776159391536), ('NEU', 0.5227266045042331), ('POS', 0.05646563390185148)])
059-VI-00014.txt: ([('NEG', 0.5459162573082141), ('NEU', 0.4340268350624074), ('POS', 0.020056907629378395)])
060-AA-00002.txt: ([('NEG', 0.27056195356281626), ('NEU', 0.70627209232935), ('POS', 0.023165954107833793)])
060-PR-00777.txt: ([('NEG', 0.5878740279504546), ('NEU', 0.3881275975110504), ('POS', 0.023998374538494908)])
060-PR-00977.txt: ([('NEG', 0.4581845220935615), ('NEU', 0.4900852499955436), ('POS', 0.05173022791089492)])
060-PR-00995.txt: ([('NEG', 0.5705998500111433), ('NEU', 0.40797904015866787), ('POS', 0.021421109830188877)])
060-PR-02071.txt: ([('NEG', 0.47449278844220266), ('NEU', 0.4504073570512601), ('POS', 0.07509985450653721)])
060-PR-02122.txt: ([('NEG', 0.6839728187534168), ('NEU', 0.310452822407497), ('POS', 0.005574358839086236)])
060-VI-00003.txt: ([('NEG', 0.4937270933593486), ('NEU', 0.46893077152527657), ('POS', 0.03734213511537484)])
060-VI-00005.txt: ([('NEG', 0.502056526944918), ('NEU', 0.4869765346310992), ('POS', 0.010966938423982763)])
060-VI-00009.txt: ([('NEG', 0.4727400064980967), ('NEU', 0.5186693105086553), ('POS', 0.008590682993248023)])
060-VI-00010.txt: ([('NEG', 0.4414127609682975), ('NEU', 0.5307183561763379), ('POS', 0.02786888285536462)])
060-VI-00011.txt: ([('NEG', 0.4522329109217569), ('NEU', 0.5477670890782431), ('POS', 0.0)])
061-CO-00220.txt: ([('NEG', 0.3859422386113023), ('NEU', 0.552316411754497), ('POS', 0.06174134963420078)])
061-VI-00005.txt: ([('NEG', 0.5044167794012644), ('NEU', 0.4835037980057939), ('POS', 0.01207942259294177)])
061-VI-00007.txt: ([('NEG', 0.6267996706359947), ('NEU', 0.36046224587600506), ('POS', 0.012738083488000231)])
061-VI-00014.txt: ([('NEG', 0.6732995194791465), ('NEU', 0.3094149532916049), ('POS', 0.01728552722924867)])
062-PR-00139.txt: ([('NEG', 0.6597608605194228), ('NEU', 0.31804156218818885), ('POS', 0.022197577292388308)])
062-VI-00006.txt: ([('NEG', 0.48325557759724036), ('NEU', 0.4649257311091812), ('POS', 0.051818691293578446)])
062-VI-00008.txt: ([('NEG', 0.4678515502744651), ('NEU', 0.4789762772483167), ('POS', 0.05317217247721818)])
062-VI-00011.txt: ([('NEG', 0.5314634713219595), ('NEU', 0.4606551557093199), ('POS', 0.007881372968720565)])
062-VI-00012.txt: ([('NEG', 0.5775995468077993), ('NEU', 0.36886753429156444), ('POS', 0.0535329189006362)])
062-VI-00017.txt: ([('NEG', 0.684888319533178), ('NEU', 0.29201227011314024), ('POS', 0.023099410353681835)])
062-VI-00018.txt: ([('NEG', 0.6337426469761002), ('NEU', 0.3588377863007183), ('POS', 0.00741956672318153)])
062-VI-00020.txt: ([('NEG', 0.6990762069434099), ('NEU', 0.3009237930565901), ('POS', 0.0)])
064-VI-00001.txt: ([('NEG', 0.5074677770602036), ('NEU', 0.4839372399873627), ('POS', 0.0085949829524336)])
065-VI-00001.txt: ([('NEG', 0.5597505862575886), ('NEU', 0.3458501083386418), ('POS', 0.09439930540376966)])
065-VI-00004.txt: ([('NEG', 0.4872694363284761), ('NEU', 0.48179956771922466), ('POS', 0.03093099595229927)])
065-VI-00007.txt: ([('NEG', 0.5312444750545221), ('NEU', 0.3954301084023468), ('POS', 0.07332541654313111)])
068-AA-00001.txt: ([('NEG', 0.5179274901661616), ('NEU', 0.45434886053433504), ('POS', 0.02772364929950338)])
068-AA-00003.txt: ([('NEG', 0.45630549091313244), ('NEU', 0.5213919421086394), ('POS', 0.022302566978228165)])
068-CO-00029.txt: ([('NEG', 0.41755380788726343), ('NEU', 0.5668024351450623), ('POS', 0.01564375696767428)])
068-CO-00052.txt: ([('NEG', 0.645841677241258), ('NEU', 0.3262132728528706), ('POS', 0.02794504990587146)])
068-VI-00001.txt: ([('NEG', 0.40755626522868216), ('NEU', 0.5237271457217052), ('POS', 0.06871658904961261)])
068-VI-00002.txt: ([('NEG', 0.44679295416667336), ('NEU', 0.49565901043308913), ('POS', 0.057548035400237486)])
068-VI-00003.txt: ([('NEG', 0.4464244272416665), ('NEU', 0.5473164864176002), ('POS', 0.00625908634073332)])
068-VI-00012.txt: ([('NEG', 0.6224593192333544), ('NEU', 0.37097694181569646), ('POS', 0.006563738950949105)])
068-VI-00014.txt: ([('NEG', 0.36800044711648605), ('NEU', 0.619075954686255), ('POS', 0.012923598197259006)])
068-VI-00020.txt: ([('NEG', 0.4997277041211682), ('NEU', 0.4899898146209278), ('POS', 0.010282481257904055)])
068-VI-00021.txt: ([('NEG', 0.5920240039475914), ('NEU', 0.39455529342591045), ('POS', 0.01342070262649824)])
068-VI-00022.txt: ([('NEG', 0.5621645618523397), ('NEU', 0.4118244193418313), ('POS', 0.026011018805829105)])
068-VI-00024.txt: ([('NEG', 0.33000031778639183), ('NEU', 0.6417288496423017), ('POS', 0.028270832571306498)])
068-VI-00027.txt: ([('NEG', 0.5302551092407903), ('NEU', 0.43904259718050004), ('POS', 0.03070229357870963)])
068-VI-00030.txt: ([('NEG', 0.4563081729658217), ('NEU', 0.49449009839497526), ('POS', 0.049201728639203045)])
068-VI-00031.txt: ([('NEG', 0.522873121370276), ('NEU', 0.4551267300219158), ('POS', 0.02200014860780831)])
068-VI-00033.txt: ([('NEG', 0.35478977791980576), ('NEU', 0.5926308215325294), ('POS', 0.052579400547664745)])
068-VI-00034.txt: ([('NEG', 0.3947879554634399), ('NEU', 0.5839038862833027), ('POS', 0.02130815825325737)])
068-VI-00035.txt: ([('NEG', 0.44231038268256995), ('NEU', 0.4815330295765253), ('POS', 0.07615658774090475)])
068-VI-00039.txt: ([('NEG', 0.5054220326946549), ('NEU', 0.444134228735686), ('POS', 0.05044373856965909)])
068-VI-00040.txt: ([('NEG', 0.43940904027050837), ('NEU', 0.4775246154810379), ('POS', 0.08306634424845373)])
069-VI-00003.txt: ([('NEG', 0.5683267831343051), ('NEU', 0.3543048160593029), ('POS', 0.07736840080639207)])
070-AA-00001.txt: ([('NEG', 0.3883810960065344), ('NEU', 0.554471059777485), ('POS', 0.05714784421598062)])
070-PR-00886.txt: ([('NEG', 0.46512102837608277), ('NEU', 0.4874993793170601), ('POS', 0.04737959230685712)])
070-PR-00889.txt: ([('NEG', 0.6756678760974008), ('NEU', 0.27206960276856934), ('POS', 0.05226252113402987)])
070-PR-00891.txt: ([('NEG', 0.5979025187882089), ('NEU', 0.37805943046267376), ('POS', 0.024038050749117336)])
070-PR-00893.txt: ([('NEG', 0.6145424937273811), ('NEU', 0.3503631826993505), ('POS', 0.03509432357326833)])
070-PR-00900.txt: ([('NEG', 0.4732132273947123), ('NEU', 0.3988895366869132), ('POS', 0.12789723591837457)])
070-PR-00954.txt: ([('NEG', 0.5752141593344714), ('NEU', 0.36933695469097927), ('POS', 0.055448885974549396)])
070-VI-00002.txt: ([('NEG', 0.6325892501856224), ('NEU', 0.3363267662988532), ('POS', 0.0310839835155244)])
070-VI-00003.txt: ([('NEG', 0.4638877943837177), ('NEU', 0.46552119398727737), ('POS', 0.07059101162900491)])
070-VI-00005.txt: ([('NEG', 0.4995733103175538), ('NEU', 0.49429154425890703), ('POS', 0.0061351454235391385)])
070-VI-00007.txt: ([('NEG', 0.46189030108836404), ('NEU', 0.5292338969701373), ('POS', 0.008875801941498592)])
070-VI-00008.txt: ([('NEG', 0.5004790436568047), ('NEU', 0.4827226221005253), ('POS', 0.01679833424266994)])
070-VI-00009.txt: ([('NEG', 0.6530560701990455), ('NEU', 0.29874990297481824), ('POS', 0.04819402682613628)])
070-VI-00011.txt: ([('NEG', 0.2967141899001001), ('NEU', 0.6986885320277658), ('POS', 0.004597278072134051)])
070-VI-00016.txt: ([('NEG', 0.5769129357098596), ('NEU', 0.3937998240712389), ('POS', 0.029287240218901528)])
070-VI-00022.txt: ([('NEG', 0.5833673848701321), ('NEU', 0.397436442135948), ('POS', 0.01919617299391993)])
070-VI-00026.txt: ([('NEG', 0.5461210019639073), ('NEU', 0.4058661888849988), ('POS', 0.04801280915109383)])
070-VI-00027.txt: ([('NEG', 0.5082683448581962), ('NEU', 0.4571395943230701), ('POS', 0.034592060818733755)])
070-VI-00035.txt: ([('NEG', 0.5478885681161724), ('NEU', 0.3669293376064398), ('POS', 0.0851820942773878)])
070-VI-00036.txt: ([('NEG', 0.4674624281289639), ('NEU', 0.458651191952117), ('POS', 0.0738863799189191)])
070-VI-00038.txt: ([('NEG', 0.635832997209893), ('NEU', 0.2990394868833695), ('POS', 0.06512751590673758)])
070-VI-00046.txt: ([('NEG', 0.603132108766041), ('NEU', 0.39686789123395905), ('POS', 0.0)])
070-VI-00050.txt: ([('NEG', 0.42380191133910994), ('NEU', 0.5614926436701674), ('POS', 0.01470544499072268)])
070-VI-00051.txt: ([('NEG', 0.5705353631650728), ('NEU', 0.4113918696692905), ('POS', 0.018072767165636737)])
070-VI-00058.txt: ([('NEG', 0.595993609857312), ('NEU', 0.36456835814251526), ('POS', 0.03943803200017278)])
070-VI-00065.txt: ([('NEG', 0.5877262966114823), ('NEU', 0.37427533365568666), ('POS', 0.03799836973283104)])
070-VI-00093.txt: ([('NEG', 0.41224208861325284), ('NEU', 0.5731675866159567), ('POS', 0.014590324770790534)])
070-VI-00100.txt: ([('NEG', 0.5948095459311462), ('NEU', 0.40519045406885373), ('POS', 0.0)])
071-PR-03459.txt: ([('NEG', 0.5543441958722038), ('NEU', 0.3973271757569259), ('POS', 0.04832862837087027)])
071-PR-03460.txt: ([('NEG', 0.5274077988637627), ('NEU', 0.4139348330967826), ('POS', 0.05865736803945478)])
071-VI-00001.txt: ([('NEG', 0.5698733898163529), ('NEU', 0.38167451365639665), ('POS', 0.04845209652725044)])
071-VI-00004.txt: ([('NEG', 0.6128802826902865), ('NEU', 0.3477615880289018), ('POS', 0.03935812928081169)])
073-VI-00001.txt: ([('NEG', 0.5203333875507996), ('NEU', 0.46066027044365426), ('POS', 0.019006342005546146)])
073-VI-00003.txt: ([('NEG', 0.5542906591275735), ('NEU', 0.4156157093776853), ('POS', 0.030093631494741195)])
073-VI-00012.txt: ([('NEG', 0.473559699304349), ('NEU', 0.4651860360668522), ('POS', 0.06125426462879879)])
074-VI-00002.txt: ([('NEG', 0.3669236429762254), ('NEU', 0.5901744739900895), ('POS', 0.042901883033685105)])
074-VI-00004.txt: ([('NEG', 0.4502845515756099), ('NEU', 0.5183219594322899), ('POS', 0.03139348899210028)])
074-VI-00005.txt: ([('NEG', 0.5455332162491284), ('NEU', 0.4000175611741987), ('POS', 0.054449222576672895)])
075-AA-00002.txt: ([('NEG', 0.4622796719123609), ('NEU', 0.5126245662641487), ('POS', 0.02509576182349043)])
075-AA-00003.txt: ([('NEG', 0.4989974028753264), ('NEU', 0.4617345954930326), ('POS', 0.03926800163164103)])
075-VI-00001.txt: ([('NEG', 0.579638128741285), ('NEU', 0.38168895081159127), ('POS', 0.038672920447123726)])
075-VI-00003.txt: ([('NEG', 0.47163089080727677), ('NEU', 0.48504227047920156), ('POS', 0.04332683871352168)])
075-VI-00004.txt: ([('NEG', 0.6064696391668121), ('NEU', 0.3252344892185244), ('POS', 0.06829587161466351)])
075-VI-00005.txt: ([('NEG', 0.5816867157786862), ('NEU', 0.40887760612853064), ('POS', 0.009435678092783117)])
075-VI-00007.txt: ([('NEG', 0.6107481956325301), ('NEU', 0.368967741582067), ('POS', 0.02028406278540283)])
076-CO-00120.txt: ([('NEG', 0.5076170949833545), ('NEU', 0.4661904540073458), ('POS', 0.026192451009299615)])
076-HV-00007.txt: ([('NEG', 0.3606244524782149), ('NEU', 0.6214543309684533), ('POS', 0.01792121655333183)])
076-HV-00022.txt: ([('NEG', 0.3798414189469067), ('NEU', 0.6130468590519766), ('POS', 0.007111722001116613)])
076-HV-00024.txt: ([('NEG', 0.281573996088524), ('NEU', 0.6931508667264995), ('POS', 0.02527513718497651)])
077-PR-00130.txt: ([('NEG', 0.5461322898230985), ('NEU', 0.4466730998455483), ('POS', 0.007194610331353194)])
077-PR-00131.txt: ([('NEG', 0.5507303618311657), ('NEU', 0.43288209538670797), ('POS', 0.016387542782126296)])
077-PR-00443.txt: ([('NEG', 0.4944564944509265), ('NEU', 0.47509925459668567), ('POS', 0.03044425095238782)])
077-PR-00447.txt: ([('NEG', 0.6313592378256279), ('NEU', 0.35010095609332575), ('POS', 0.01853980608104644)])
077-VI-00002.txt: ([('NEG', 0.4547239945366877), ('NEU', 0.5319988313016788), ('POS', 0.013277174161633517)])
077-VI-00003.txt: ([('NEG', 0.5757343104622749), ('NEU', 0.3672252666837293), ('POS', 0.057040422853995805)])
077-VI-00013.txt: ([('NEG', 0.4872436428518502), ('NEU', 0.5000480432825016), ('POS', 0.01270831386564822)])
077-VI-00014.txt: ([('NEG', 0.5439796880396699), ('NEU', 0.4181826332098414), ('POS', 0.03783767875048875)])
077-VI-00018.txt: ([('NEG', 0.578807863176945), ('NEU', 0.3765773047482943), ('POS', 0.04461483207476072)])
079-CO-00187.txt: ([('NEG', 0.48085397124221657), ('NEU', 0.5100438838133311), ('POS', 0.009102144944452398)])
079-VI-00002.txt: ([('NEG', 0.6316980985940139), ('NEU', 0.368301901405986), ('POS', 0.0)])
079-VI-00024.txt: ([('NEG', 0.5063177945520624), ('NEU', 0.48551662746843927), ('POS', 0.00816557797949838)])
080-CO-00219.txt: ([('NEG', 0.4710698953058959), ('NEU', 0.480874504988222), ('POS', 0.04805559970588211)])
080-VI-00035.txt: ([('NEG', 0.49361943936230074), ('NEU', 0.43486175515882813), ('POS', 0.07151880547887114)])
080-VI-00037.txt: ([('NEG', 0.5480740382962096), ('NEU', 0.4127436890877309), ('POS', 0.039182272616059534)])
080-VI-00039.txt: ([('NEG', 0.3689122515061612), ('NEU', 0.5249700302746361), ('POS', 0.10611771821920273)])
081-PR-02192.txt: ([('NEG', 0.40348789205059243), ('NEU', 0.5451679121128052), ('POS', 0.05134419583660225)])
083-CO-00388.txt: ([('NEG', 0.5836662004214127), ('NEU', 0.3846875961634086), ('POS', 0.031646203415178695)])
083-PR-00236.txt: ([('NEG', 0.38383910112501046), ('NEU', 0.5660523137183437), ('POS', 0.050108585156645714)])
083-PR-02578.txt: ([('NEG', 0.5043833846469044), ('NEU', 0.4788607285552211), ('POS', 0.01675588679787451)])
083-VI-00003.txt: ([('NEG', 0.5288553924106013), ('NEU', 0.43029058939751536), ('POS', 0.04085401819188335)])
083-VI-00006.txt: ([('NEG', 0.5007380345778808), ('NEU', 0.4300606895384561), ('POS', 0.06920127588366314)])
083-VI-00007.txt: ([('NEG', 0.3415556104346448), ('NEU', 0.5990438260911326), ('POS', 0.059400563474222574)])
084-PR-00402.txt: ([('NEG', 0.3853687911061746), ('NEU', 0.5941740786381021), ('POS', 0.0204571302557232)])
084-PR-03210.txt: ([('NEG', 0.5339304768715062), ('NEU', 0.40469410318415794), ('POS', 0.06137541994433582)])
084-VI-00001.txt: ([('NEG', 0.3256116354793532), ('NEU', 0.6281681825897532), ('POS', 0.0462201819308936)])
085-PR-03537.txt: ([('NEG', 0.47483988601071897), ('NEU', 0.42629880393395636), ('POS', 0.09886131005532471)])
085-VI-00002.txt: ([('NEG', 0.4909841848004463), ('NEU', 0.44850926055372287), ('POS', 0.060506554645830816)])
085-VI-00003.txt: ([('NEG', 0.38093710098976064), ('NEU', 0.5360526138007605), ('POS', 0.08301028520947877)])
086-VI-00005.txt: ([('NEG', 0.6519172573705482), ('NEU', 0.2971359279552), ('POS', 0.05094681467425188)])
087-AA-00001.txt: ([('NEG', 0.44955558898560166), ('NEU', 0.48725601415799397), ('POS', 0.06318839685640439)])
088-AA-00001.txt: ([('NEG', 0.4647988989931094), ('NEU', 0.5308367010245226), ('POS', 0.004364399982367993)])
088-AA-00002.txt: ([('NEG', 0.30519695854120027), ('NEU', 0.6670627736020246), ('POS', 0.027740267856775108)])
088-AA-00003.txt: ([('NEG', 0.6076229879492211), ('NEU', 0.3675809052697161), ('POS', 0.02479610678106282)])
088-AA-00004.txt: ([('NEG', 0.29585027276384723), ('NEU', 0.675452706541273), ('POS', 0.028697020694879748)])
088-CO-00018.txt: ([('NEG', 0.5489163325436223), ('NEU', 0.43690357786503375), ('POS', 0.014180089591343958)])
088-VI-00009.txt: ([('NEG', 0.5568497071841552), ('NEU', 0.4204369688625404), ('POS', 0.02271332395330448)])
088-VI-00012.txt: ([('NEG', 0.5595146120111092), ('NEU', 0.39660478189317516), ('POS', 0.04388060609571563)])
088-VI-00014.txt: ([('NEG', 0.5526553151552294), ('NEU', 0.43021500069372054), ('POS', 0.017129684151050106)])
088-VI-00015.txt: ([('NEG', 0.6331698327597635), ('NEU', 0.34050804960236636), ('POS', 0.026322117637870204)])
089-AA-00001.txt: ([('NEG', 0.6074741966307697), ('NEU', 0.35293035316484944), ('POS', 0.03959545020438085)])
089-AA-00002.txt: ([('NEG', 0.46455605864162125), ('NEU', 0.5102899934002864), ('POS', 0.025153947958092393)])
089-AA-00003.txt: ([('NEG', 0.48674027811094206), ('NEU', 0.4677586237780558), ('POS', 0.04550109811100212)])
089-AA-00004.txt: ([('NEG', 0.46395728634907746), ('NEU', 0.5003407536798286), ('POS', 0.03570195997109403)])
089-VI-00002.txt: ([('NEG', 0.5519965554526134), ('NEU', 0.42860785234412896), ('POS', 0.019395592203257615)])
089-VI-00003.txt: ([('NEG', 0.4297898763967726), ('NEU', 0.5542742715563963), ('POS', 0.015935852046831175)])
089-VI-00006.txt: ([('NEG', 0.5743139420987828), ('NEU', 0.3809119527157818), ('POS', 0.04477410518543532)])
089-VI-00010.txt: ([('NEG', 0.5719404032838649), ('NEU', 0.3954769702706632), ('POS', 0.03258262644547197)])
089-VI-00018.txt: ([('NEG', 0.5542970183719729), ('NEU', 0.4107385655990336), ('POS', 0.034964416028993535)])
089-VI-00019.txt: ([('NEG', 0.6084146317157255), ('NEU', 0.32239626480017336), ('POS', 0.06918910348410118)])
089-VI-00021.txt: ([('NEG', 0.7127376654500148), ('NEU', 0.257832267739089), ('POS', 0.029430066810896147)])
089-VI-00022.txt: ([('NEG', 0.5826872500904015), ('NEU', 0.3741867852452824), ('POS', 0.04312596466431615)])
089-VI-00023.txt: ([('NEG', 0.45967985573157133), ('NEU', 0.4534937768180155), ('POS', 0.08682636745041317)])
089-VI-00025.txt: ([('NEG', 0.4060074811306533), ('NEU', 0.5197719812514541), ('POS', 0.07422053761789259)])
090-PR-00392.txt: ([('NEG', 0.5447500243653582), ('NEU', 0.3991362650208999), ('POS', 0.056113710613741916)])
090-VI-00001.txt: ([('NEG', 0.530786709109111), ('NEU', 0.4414195623500372), ('POS', 0.027793728540851857)])
090-VI-00010.txt: ([('NEG', 0.5595546556388203), ('NEU', 0.4288370285956225), ('POS', 0.011608315765557159)])
090-VI-00011.txt: ([('NEG', 0.5168370820519795), ('NEU', 0.4501843306748194), ('POS', 0.032978587273201014)])
091-CO-00563.txt: ([('NEG', 0.44684886926494466), ('NEU', 0.4528332612303468), ('POS', 0.10031786950470854)])
093-VI-00014.txt: ([('NEG', 0.443627054648751), ('NEU', 0.5165376192401253), ('POS', 0.03983532611112364)])
093-VI-00015.txt: ([('NEG', 0.41760309783267574), ('NEU', 0.5686630496627781), ('POS', 0.01373385250454613)])
093-VI-00017.txt: ([('NEG', 0.6844649050034253), ('NEU', 0.30496774558578765), ('POS', 0.010567349410787075)])
093-VI-00019.txt: ([('NEG', 0.6043563389506036), ('NEU', 0.3722144071114456), ('POS', 0.023429253937950773)])
093-VI-00020.txt: ([('NEG', 0.6313481409228068), ('NEU', 0.35015417358052964), ('POS', 0.018497685496663595)])
093-VI-00021.txt: ([('NEG', 0.4379367662919877), ('NEU', 0.5077224919046643), ('POS', 0.054340741803348004)])
095-AA-00001.txt: ([('NEG', 0.4115165898790067), ('NEU', 0.5715696717307305), ('POS', 0.016913738390262778)])
095-DC-00013.txt: ([('NEG', 0.4450261222732807), ('NEU', 0.5001784772156774), ('POS', 0.05479540051104187)])
095-PR-03103.txt: ([('NEG', 0.7184789288399485), ('NEU', 0.2773187760315138), ('POS', 0.004202295128537706)])
095-PR-03131.txt: ([('NEG', 0.6174694872360994), ('NEU', 0.34869534156021725), ('POS', 0.03383517120368329)])
